0000000000000000000000000000000000000000000000000000000000000000000000000000000000000000000000000000000000000000000000000000000000000000000000000000000000000000000000000000000000000000000000000000000000000000000000000000000000000000000000000000000000000000
0000000000000000000000000000000000000000000000000000000000000000000000000000000000000000000000000000000000000000000000000000000000000000000000000000000000000000000000000000000000000000000000000000000000000000000000000000000000000000000000000000000000000000
0000000000000000000000000000000000000000000000000000000000000000000000000000000000000000000000000000000000000000000000000000000000000000000000000000000000000000000000000000000000000000000000000000000000000000000000000000000000000000000000000000000000000000
0000000000000000000000000000000000000000000000000000000000000000000000000000000000000000000000000000000000000000000000000000000000000000000000000000000000000000000000000000000000000000000000000000000000000000000000000000000000000000000000000000000000000000
0000111111111111111111111111111111111111111111111111111111111111111100000000111111111111111111111111111111111111111111100000010000011111111111111111111111111111111111111111111111111111111111111111111111111111111111111111111111111111111111111111111111110000
0000100000000000000000000000000000000000000000000000000000000000001000000000100000000000000000000000000000000000000000100000010000010000000000000000000000000000000000000000000000000000000000000000000000000000000000000000000000000000000000000000000000010000
0000100000000000000000000000000000000000000000000000000000000000001000000000100000000000000000000000000000000000000000110000010000010000000000000000000000000000000000000000000000000000000000000000000000000000000000000000000000000000000000000000000000010000
0000100000000000000000000000000000000000000000000000000000000000001000000000100000000000000000000000000000000000000000010000011111110000000000000000000000000000000000000000000000000000000000000000000000000000000000000000000000000000000000000000000000010000
0000100000000000000000000000000000000000000000000000000000000000001000000000100000000000000000000000000000000000000000011111110000000000000000000000000000000000000000000000000000000000000000000000000000000000000000000000000000000000000000000000000000010000
0000100000000000000000000000000000000000000000000000000000000000001000000000100000000000000000000000000000000000000000000000000000000000000000000000000000000000000000000000000000000000000000000000000000000000000000000000000000000000000000000000000000010000
0000100000000000000000000000000000000000000000000000000000000000001100000001100000000000000000000000000000000000000000000000000000000000000000000000000000000000000000000000000000000000000000000000000000000000000000000000000000000000000000000000000000010000
0000100000000000000000000000000000000000000000000000000000000000000100000001000000000000000000000000000000000000000000000000000000000000000000000000000000000000000000000000000000000000000000000000000000000000000000000000000000000000000000000000000000010000
0000100000000000000000000000000000000000000000000000000000000000000110000001000000000000000000000000000000000000000000000000000000000000000000000000000000000000000000000000000000000000000000000000000000000000000000000000000000000000000000000000000000010000
0000100000000000000000000000000000000000000000000000000000000000000010000001000000000000000000000000000000000000000000000000000000000000000000000000000000000000000000000000000000000000000000000000000000000000000000000000000000000000000000000000000000010000
0000100000000000000000000000000000000000000000000000000000000000000011111111000000000000000000000000000000000000000000000000000000000000000000000000000000000000000000000000000000000000000000000000000000000000000000000000000000000000001111111100000011110000
0000100000000000000000000000000000000000000000000000000000000000000000000000000000000000000000000000000000000000000000000000000000000000000000000000000000000000000000000000000000000000000000000000000000000000000000000000000000000000001000000100011110000000
0000100000000000000000000000000000000000000000000000000000000000000000000000000000000000000000000000000000000000000000000000000000000000000000000000000000000000000000000000000000000000000000000000000000000000000000000000000000000000001000000100010000000000
0000100000000000000000000000000000000000000000000000000000000001111111100000000000000000000000000000000000000000000000000000000000000000000000000000000000000000000000000000000000000000000000000000000000000000000000000000000000111111101000000100010000000000
0000100000000000000000000000000000000000000000000000000000000001000000100000000000000000000000000000000000000000000000000000000000000000000000000000000000000000000000000000000000000000000000000000000000000000000000000000000000100000111000000111110000000000
0000100000000000000000000000000000000000000000000000000000111111000000100000000000011111111000000000000000000000000000000000000000000000000000000000000000000000000000000011111111100000000000000000000000000000000000001111111100100000000000000110000000000000
0000100000000000000000000000000000000000000000000000000000100000000000100000000000010000001000000000000000000000000000000000000000000000000000000000000000000000000000000010000000100000000000000000000000000000000000001000000110100000000011111110000000000000
0000100000000000000000000000000000000000000000000000000000100000000000100000000000010000001000000000000000000000000000000000000000000000000000000000000000000000000000000010000000100000000000000000000000000000000000001000000011100000000010000010000000000000
0000100000000000000000000000000000000000000000000000000000100000000000100000000000010000001000000000000000000000000000000000000000000000000000000000000000000000000000000010000000100000000000000000000000000000000000001000000001100000000011111110000000000000
0000100000000000000000000000000000000000000000000000000000100000000000100000000000010000001000000000000000000000000000000000000000000000000000000000000000000000000000000010000000100000000000000000000000000000000000001000000000111000000000000110000000000000
0000100000000000000000000000000000000000000000000000000000100000001111100000000000010000001000000000000000000000000000000000000000000000000000000000000000000000000000000010000000100000000000000000000000000000000000001000000000011100000000000111000000000000
0000100000000000000000000000000000000000000000000000000000100000111000000000000000011111111000000000000000000000000000000000000000000000000000000000000000000000000000000011111111100000000000000000000000000000000000001100000000010111110000000111111100000000
0000100000000000000000000000000000000000000000000000000000111111100000000000000000000000000000000000000000000000000000000000000000000000000000000000000000000000000000000000000000000000000000000000000000000000000000001000000000011110010000000000000100000000
0000100000000000000000000000000000000000000000000000000000000000000000000000000000111111100000000000000000000000000000000000000000000000000000000000000000000000000000000000000000000000000000000000000000000000000000001000000000000010010000000000000100000000
0000100000000000000000000000000000000000000111111100000000000000000000000000000001100000111000000000000000000001111111100000000000000000000000000000000000000000000000000000000000000000000000000000000000000000000000001000000000000010011100000000000111110000
0000100000000000000000000000000000000000001100000100000000000000000000000000000001000000001111111011111111111001000000100000000000000000000000000000000000000000000000000000000000000000000000000000000000000000000000001000000000000010000111111000000111110000
0000100000000000000000000000000000000000011000000100000000000000000000000000000111000000001000001110000000001001000000100000000000000000000000000000000000000000000000000000000000000000000000000000000000000000000000001000001100000010000000001000000100000000
0000100000000000000000000000000000000000010000000100000000000000000000000011111100000000001000000110000000001001000000100000000000000000000000111111110000000000000000000000000000000000000000000000000000000000000000001111111100000010001111111000000000000000
0000100000000000000000000000000000000000010000000100000000000000000000000010000000000000001000000110000000001101000000100000000000000000000000100000010000000000000000000000000000000000000000000000000000000000000000000000000111111110001000001111100000000000
0000100000000000000000000000000000000000010000000100000000000001111111000010000000000000000000000110000000000101000000100000000000000000000000100000010000000000000000000000000000000000000000000000000000000000000000000000000000011111111000001000100000000000
0000100000000000000000000000000000000000010000000100000000000001000001000010000000000000000000000110000000000101100000100000000000000000000000100000010000000000000000000011111111110000000000000000000000000000000000000000000000010000011000001001100000000000
0000100000000000000000000111111110000000010000000100000000000001000001000010000000000000000000000011111100000100100000100000000000011111111000100000010111111110000000000010000000010000000000000000000000000000000000000000000000010000010000001001000000000000
0000100000000000000000000100000010000000011111111100000000000001000001000010000000000100000000000010000100000100100000100000000000010000001000100000010100000010000000000010000000010000000000000000000000000000000000000000000000010000010000001001000000000000
0000100000000000000000000100000010000000000000000000000000000001000001000010000000000000000010000010000100000100111111100000000000010000001000111111110100000010000000000010000000010000000000000000000000000000000000000000000000010000010000001001000000000000
0000100000000000000000000100000010000001111111000000000000000001000001000010000000000011110000000010000111111111111000000000000000010000001000000011111100000010000000000010000000010000000000000000000000000000000000000000000000010000000000011101000000100000
0000100000000000000000000100000010000001000001000000000000000001111111000010000000000010110000000010000000001000001000000000000000010000001000000010000000000011111111111110000000010000000000000000000000000000000000000000000000010000000000000101000000000000
0000100000000000000000000100000010000001000001000000000000000000000000000010000000000010100000011110000000001000001000000000000000010000001000000010000000000011000001000001100000010000000000000000000000000000000000000000000000010000000000000111000000000000
0000100000000000000000000111111110000001000001000000000000000000000000000010000000000010100000000010000000001000001000000111111100011111111111100010000001111111000000000001111111110000000000000000000000000000000000000000000000011000000000000000000000010000
0000100000000000000000000000000000000001000001000000000000000000000000000010000000111110100000000010000000001000001000000100000100000000100000100010000001000001000000000001111110000000000000000000000000000000000000000000000000001000000000000000000000000000
0000100000000000000000000000000000000001000001000000000000000000000000000010000000100000100000000010000000001000001000000100000111111000100000100010000001111111000000000000000010000011111110000000000000011111111000011111110000001111100000000000000000000000
0000100000000000000000000000000000000001111111000000000000000000000000000010000011100000100000000011111111111000001111111100000000001001100000100010000001000000000000000000000010000010000010000000111111110000001110010000010000000000111000000000000000000000
0000100000000000000000000000000000000000000000000000000000000000000000111111111110000000110000000011000000000000000000011000000000001001000000111111111111000000000000110000000010000010000010000000100000010000000010010000010000000000001111111000000000000000
0000100000000000000000000000000000000000000000000000000000000000000000100000000010000000011111111000000000000000000000011000000000001001000000000010000011000000000001110000000011111110000011110000100000000000000010010000010000000000000000001000000000000000
0000100000000000000000000000000000000000000000000000000000000000000000100000000010000000000000111000000000000100000000011000000000001001000000000000000011000000000001010000000000000110000000010000100000000000000010010000010000000000000000001111111111110000
0000100000000000000000000000000000000000000000000000000000000000000000100000000010000000000001100000000000000100000000011000000000001111000000000000000011000000000001111111100000000110000000010000100000000000000010010000010000000000000000000000000000010000
0000100000000000000000000000000000000000000000000000000000000000000001100000000010000000000001000000000000000000000000011000000110000011000000000000000000000000000000100001000000000110000000010000100000000000000010011111110000000000000000000000000000010000
0000100000000000000000000000000000000000000000000000000000000000000011000000000010000000000001000000000000000000000000000000000110000010000000000000000000000000000000100001000000000110000000010000100000001100000010000000000000000000000000000000000000010000
0000100000000000000000000000000000000000000000000000000000000000000010000001111110000000000001000000000000000000000000000000000010000010000000000000000000000000000000100001000000000000000000010000111111111100000110000000000000000000000000000000000000010000
0000100000000000000000000000000000000011111111100000000000000000000010000000001000000000000001000000000000010000000000000000000010000010000000000000000000000000000000100001000000000000000000010001111100000001111100000000000000000000000000001111111000010000
0000100000000000000000011111110000111110000000100000000000000000000010000000001000000000000001000000000000000000000000000000000000000000000000001111110000000110000000111101000000010000000111110001000000000001000000000000000000000000000000001000001000010000
0000100111111110000000010000010000100000000000100000000000000111111110000000001000000000000001000000000000000001000000000000000000011000000000001111110000000110000000000101000000010000000111111011000000000001000000000000000000000000000000001000001000010000
0000111100000010000000010000010000100000000000100001111111111100000100000000001000000000000001000000000000000000100000000000000000011000000000111100000000001110000000000101000000010000000000001010000000000001000001111111100000000000000000001000001000010000
0000100000000010000000010000010000100000000000100001000000000100000000000000001000000000000001000000000000000000100000000000000000011000000001111100000000001010000000000101111111110000000000001110000000000001000001000000100000000000000000001000001000010000
0000100000000010000000010000010000100000000000111111000000000100000000000000001000000000000001000000001000000000100000000000000000011000000000001100000000001010000000000100000000010000010000000110000000001111000001000000100000000000000000001000001000010000
0000100000000010000000010000010000100000000000001000000000000100000000000011111000000000000001111111111000000000100000000000000000011000000000001100000111111011100000000100000000011111110000000010000000000100011111000000100000000000000000001000001000010000
0000100000000010000000011111110000110000000000001000000000000100000000000110000000000000000000010000001000000000100000000000000011111100000000000000000111111000100000000100000000000000010000000010000000000100010000000000100000000000000000001111111000010000
0000100000001110000000000000000000011000000000001000000000000100000000111100000000000000000000010000000000000000100000000000000000000000000000000000000000001111100000000100111111110000010000000010000000000111110000000000111111000000000000000000000000010000
0000111111111000000000000000000000001000000000001000000000000100000000100000000000000000000000010000000000011100000000000000000000000000000000000000000000000001100000000100100000010000010000000010000000000000110000000011000001000000000000000000000000010000
0000100000000000000000000000000000001000000000001000000000000111111111100000000000000000000000010000000000011100000000000000000000000000000010000000000000000001111111111100100000010000011000000011000000000000000000000010000001000000000000000000000000010000
0000100000000000000000000000000000001111100000001000000000000100000000000000000000000000001111110000000000000000000000000000000000000011111110000000000000000001010000000110100000010111111000000000000000000000000000000010000001000000000000011111111000010000
0000100000000000000000000000000000000000111111111000000011111100000000000000000000001111111000001000000000000000000000000000000000000000000100000000000000000001110000000011100000010100000000000000000110000000000100000010000001111111111111110000001000010000
0000100011111111000000000000000000001111111000001111111110000000000000000000000000001000001000001000000000000000000000000000000111100000000100000000000000000000110000000001100000011100000110000000000000000000000111111110000000000100000000000000001000010000
0000100010000001100000000000000000001000001000000000000000000000000000000000000000001000001000001100000000000000000000000000000111100000000100000000000000000000000000000001100000000100000111100000000000000100000111111000000000000000000000000000001000010000
0000100010000000110000000000000000001000001000000000000000000000000000000000000000001000001000001100000001000000000000000000000000000000000000000000100000000000000000000000010000000100000010000000000000000100000100000000000000000000000000000000001000010000
0000100010000000011110000000000000001000001000000000000000000000001111111000000000001000001000001100000001111000000000000000000000000000000000000000000000000000000000000000000000000000000000000000000000000000000100000000000000000000000000000000001000010000
0000100010000000000011110000000000001000001000000000000000000000001000001000000000001000001111111100000001111000000000011111110000000000000000000000000000000000000000000000000000000000000000000000000000000000000100000000000000000000000000000001111000010000
0000100010000000000000010000000000001000001000000000000000000000001000001000000000001000001000000111000001000000000000000100000000000000000000000000000000000000000000000000000000000000000000000000000000000000000000000000000000000000000000000001000000010000
0000100011100000000000010000000000001111111000000000000011111110001000001000000000001111111100000001111111000000000000000000000000000000000000000000000000000000000000000000000000000000000000000000000000000000000000000000000000000000000000000001000000010000
0000100000100000000000010000000000000000000000000000000010000011001000001000000000001100000100000111000001000000000000000000000000000000000000000000000000000000000000000000000000000000000000000000000000000000000000000001111111000001000000001111000000010000
0000100000110000000000010011111111100000000000000000111110000001001000001000001111111000000100000100000000000000000000000000000000000000000000000000000000000000000000000000000000000000000000000000000000000000000000000000000000000000000011111000000000010000
0000100000010000000000010010000000100000000000000000100000000001001111111000001000001000000100000100000000000000000000000000000000000000000000000000000000000000000000000000000000000000000000000000000000001000000000000000000000000000000011111011111111110000
0000100000010000000000010010000000100000000000000000100000000001000111111111011000000000000111100100000000000000000000000000000000000000000000000000000000000000000000000000000000000000000000000000000000111111111000000000000000000000000000001110000000000000
0000100000011110000000010010000000110000000000000111100000000001000100000001010000000000000000100100000000000000001111100000000000000000000000000000000000000000000000000000000000000000000000000000000000000001001110000000000000000000000000001000000000000000
0000111111111110000000010010000000011000000000000100000000000001111100000001010000000000000000100100000000000000000000000000000000000000000000000000000000000000000000000000000000000000000000000000000000000001000100000000000000000000000000001000000000000000
0000000011000000000000010010000000001000000000000100000000000000000100000001010000000000000000100111111111110000000000000000000000000001000000000000000000000000000000000000000000000000000000111111100000000001000100000000000000100000000000001000000000000000
0000000001000000011111110011110000001000000000000100000000000000000100000001010000000000000000100100000000000001110000000000000000000000000000000000000000000000000000000000000000000111111111100000100000000001000100000000000000000000000000001000000000000000
0000000001000000000010000000010000001000000000000100000000011000000100000001110000000000000000100100000000000001000000000000000000000000000000000000000000000000000000000000000000111100000000000000111100000001111100000000000000000000000000001000000000000000
0000000001000000000011111110010000001000000000000100000000001000000100000000010000000000001111111100000000000000000000000000000000000000000000000000000000000000000000000011111111100000000000000000000111100000001100000000000000000000000000000000000001110000
0000000001000000000010000011110000001000000000011111111000001000000100000000010000000000001000100000000000000000000000000000000000000000000000000000000000000000000001111110000000000000000000000000000000100000000111111111000000000111111100000000000001010000
0000000001110000000010000010000000001000000011110000000000001000001111000000011000000000001000100000000000000000000000000000000000000000000000000000000000000000000111000000000000000000000000000000000000100000000100000000000000000100000000000000000001010000
0000000000110000000000000010000000001000000010000000000000001000000000000000011110000000111000100000001000000000000000000100000000000000000000000000000000000100000100000000000000000000000000000000000000100000000000000000010000000000000000000000000001110000
0000000000111111110000000010000001111011111110000000000000001000000000000000010010000000100000100000000011100000000000000100000000000001000000000000000000011111111100000000000000000000000000000000000000100000000000000000011000000000000000000000000000000000
0000000000100000010000000010000000001010000010000000000000001100000000100000010011111111100000100000000011111111100000000100000100000001000000000000000011110000000000000000000000000000000000000000000000100000000000000000000000000000000000000000000000000000
0000000000100000010000000010000000001010000010000000000000001100000000111111111000000000000000100000000000000010100000011100000111111111000000000001111110000000000000000000000000000000000000000000000000110000000000000000000000000000000000000000000000000000
0000000000111111110000000011100000001010000010000000000000001100000000101000001000000000000000100000000000000010100000000100000111111111000000001111000000000000000000000000000000000000000000000000000000010000000011111110000000000000100000000000000000000000
0000000000000001000000000010100000001010000011111110000000000000011111101000001000000000000011111110000000000010111100000111111110000011000000001000000000000000000000000000000000000000000000000000000000010000000010000100000000100000000000000000000000000000
0000000000000001000000000011100000001010000010000011000000000000010000001000001000000000000010000001000000000010000100000100000010000011110000011000000000000000000000000000000000000000000000000000000000011000000010000100000000000000000000001000000000000000
0000000000000001000000000000000111111111111110000001111000000000010000001000001111000000000010000001000000000010000100000100000010000010011111110000000000000000000000000000000000000000000000000000000000001110000010000100000000000000000000001000000000010000
0000000000000001000000000000000000000010000000000111111111000000010000001000000001000000000010000001111111111110000100000100000010000010000000000000000000000000000000000000000000000000000000000000000000000011111110000100000000000000000000111000000000000000
0000000000000001000000001000000000000010000000000100000001000000010000001000000001000000000010000001000000000000000111111100000010000010000000000000000000000000000000000000000000000000000000000000000000000000000000000100000000000000000000101000000000000000
0000000000000001111111111000000000000010000000000100000000000000110000111110000001000000000010000001000000000000000000000000000011111110000000000000000000000000000000000000000000000000000000000000000000000000000000000100000000000000000000101000000000000000
0000100000000001100000011000000000000010000000000100000000111111100000100000000001000000000010000011000000000000000000000000000000000000000000000000000000000000000000000000000000000000000000000000000000000000000011111100000000000000000000111111000000000000
0000000000000000000000011000000000000010000000000100000000100001111111100000000001000000000010000010000000000000000000000000000000000000000000000000000000000000000000000000000000000000000000000000000000000000000110000011111000000000100000110000000000000000
0000000000001100000000010000000000000010000000000100000000100001000001100000000001000000000010000010000000000000000000000000000000000000000000000000000000000000000000000000000000000000000000000000000000000000000100000011000000000000011111110000000000010000
0000000000001100000000010000000000000010000000000111100000100001000000100000011111000000000010000010000000000000000000000000000000000000000000000000000000000000000000000000000000000000000000000000000000000000000100000011000000000000010000010000000000010000
0000000000000000000000010000001000000010111111110000111111100001000000000000010111111100000011111110000000000000000000000000000000000000000000000000000000000000000000000000000000000000000000000000000000000000000100000011000000000000010000010000000000010000
0000000000110000000000010000011111111110100000011111111111100001000000000000010100000100000000000000000000000000000000000000000000000000000000000000000000000000000000000000000000000000000000000000000000000000000100000000000000000000010000010000000000010000
0000000000000000011111110000011111000000100000000001100000100001000000000000010100000100000000000000000000000000000000000000000000000000000000000000000000000000000000000000000000000000000000000000000000000000000100000000000000000000010000010000000000010000
0000000000000000010000010000000001000000100000000001100000111001000000000001110100000100000000000000000000000000000000000000000000000000000000000000000000000000000000000000000000000000000000000000000000000000000100000000000000000000010000011100000000110000
0000000000000000010000011110000001100000100000000001100000001001111000000001000100000100000000000000000000000000000000000000000000000000000000000000000000000000000000000000000000000000000000000000000000000000011111000000111111100000010000000111100000110000
0000000000000000010000000010000000100000100000000001100000001001000000000001000100000100000000000000000000000000000000000000000000000000000000000000000000000000000000000000000000000000000000000000000000011111110000000000100000111111110000000000111111110000
0000000000000000010000000010000000111100100000000001100000001111000000001111000111111100000000000000000000000000000000000000000000000000000000000000000000000000000000000000000000000000000000000000000000110000000000000111100000000000000000000000000000010000
0000001110000000010000000010000000000111111110000001100000000001000000001000000000000000000000000000000000000000000000000000000000000000000000000000000000000000000000000000000000000000000000000000000000100000000000000100000000000000000000000000000000010000
0000000110000000010000000011000000000000001011111111100000000001000000001000000000000000000000000000000000000000000000000000000000000000000000000000000000000000000000000000000000000000000000000000001111100000000000000100000000000000000000000000000000010000
0000000110000000111111100001000000000000001000000000110000000001000000001000000000000000000000000000000000000000000000000000000000000000000000000000000000000000000000000000000000000000000000000001111000000000000000000100000000000000000000000000000000010000
0000000111100000000000100001000000000000001000000000010000000001111111111000000000000000000000000000000000000000000000000000000000000000000000000000000000000000000000000000000000000000000000001111000000000000000000000100000000000000000000000000000000010000
0000000100100000000000100001000000000000001111110000010000000001000000000000000000000000000000000000000000000000000000000000000000000000000000000000000000000000000000000000000000000000000001111000000000000000000000000100000000000000000000000000000000010000
0000000100100000000000111111111000000000000000011110010000000001000000000000000000000000000000000000000000000000000000000000000000000000000000000000000000000000000000000000000000000000001111000000000000000000000000000100000000000000000000000000000000010000
0000000100100000000000100000101000000111110000000010010000011111000000000000000000000000000000000000000000000000000000000000000000000000000000000000000000000000000000000000000000000000111000000000000000000000000000000100000000000000000000000000000000010000
0000000100100000000000100000101111111100110000000010011111110000000000000000000000000000000000000000000000000000000000000000000000000000000000000000000000000000000000000000000000000111100000000000000000000000000000000100000000000000000000000000000000010000
0000001100111111000000100000100100000100100000000010000000000000000000000000000000000000000000000000000000000000000000000000000000000000000000000000000000000000000000000000000000111100000000000000000000000000000000000100000000000000000000000000000000010000
0000001000001000000000100000111100000100100000000010000000000000000000000000000000000000000000000000000000000000000000000000000000000000000000000000000000000000000000000000000111100000000000000000000000000000000000001100000000000000000000000000000000010000
0000111000001000000001100000000100000100100000000010000000000000000000000000000000000000000000000000000000000000000000000000000000000000000000000000000000000000000000000000000100000000000000000000000000000000000001111000000000000000000000000000000000010000
0000100000001000000000100000000000000100100000001110000000000000000000000000000000000000000000000000000000000000000000000000000000000000000000000000000000000000000000000111111100000000000000000000000000000000001111000000000000000000000000000000000000010000
0000100000001000000000000000000000000100100000011000000000000000000000000000000000000000000000000000000000000000000000000000000000000000000000000000000000000000000001111100000100000000000000000000000000000001111000000000000000000000000000000000000000010000
0000110000001000000000010000000000000100111111110000000000001111111000000000000000000000000000000000000000000000000000000000000000000000000000000000000000000000001111000000000100000000000000000000000000000011000000000000000000000000000000000000000000010000
0000010000001111100000010000000000000100000000000000000000001000001000000000000000000000000000000000000000000000000000000000000000000000000000000000000000000001111000000000000000000000000000000000000011111110000000000000000000000000000000000000000000010000
0000010000000010000000010000011000001100000000000000000000111000001000000000000000000000000000000000000000000000000000000000000000000000000000000000000000011111000000000000000000000000000000000011111110000000000000000000000000000000000000000000000000010000
0000011100000010000000010000011111111000000000000000000001100000001000000000000000000000000000000000000000000000000000000000000000000000000000000000000111110000000000000000000000000000000000001110000000000000000000000000000000000000000000000000000000010000
0000000100000010000000011111110000000000000000000000000111000000001000000000000000000000000000000000000000000000000000000000000000000000000000000000111100000000000000000000000000000000000000011000000000000000000000000000000000000000000000000000000000010000
0000000100000010000000010000000000000000000000000000000100000000001110000000000000000000000000000000000000000000000000000000000000000000000000000000100000000000000000000000000001000000000001110000000000000000000000000000000000000000000000000000000000010000
0000000111111110000000010000000000000000000000000000000100000000000011100000000000000000000000000000000000000000000000000000000000000000000000000000100000000000000000000110000001000000000011000000000000000000000000000000000000000000000000000000000000010000
0000000100000000000000010000000000000000000000000000000100000000000000110000000000000000000000000000000000000000000001111111000000000000000000000000100000000000000011111111111111110000000110000000000000000000000000000000000000000000000000000000000000010000
0000000000000000000000010000000000000000000000000000000100000000000000011100000000000000000000000000000000000000000001000001000000000000000000000000100000000000000110000000000000010000011100000000000000000000000000000000000000000000000000000000000000010000
0000000000000000111111110000000000000000000000000000000100000000000000000110000000000000000000000000000000000000000001000001110000000000000000000000100000011111111100000000000000011111110000000000000000000000000000000000000000000000000000000000000000010000
0000000000000000100000000000000000000000000000000000000100000000000000000010000111111111000000000000000000000000000001000000011111000000000000000000111111110000000000000000000000000000000000000000000000000000000000000000000000000000000000000000000000010000
0000000000000000100000000000000000000000000000000000000100000000000000000010000100000001000000000000000000000000000001000000000001000000000000000000000000000000000000000000000000000000000000000000000000000000000000000000000000000000000000000000000000010000
0000000000000000100000000000000000000000000000000000000100000000000000000011111100000001000000000000000000000000111111000000000001000000000000000000000000000000000000000000000000000000000000000000000000000000000000000000000000000000000000000000000000010000
0000000000100000100000000000000000000000000000000000000100000000000000000000000100000001000000000000000000111111100000000000000001000000000000000000000000000000000000000000000000000000000000000000000000000000000000000000000000000000000000000000000000010000
0000000000100000100000000000000000000000000000000000000111100000000000000000000000000001000000000000001111100000000000000000000001000000000000000000000000000000000000000000000000000000000000000000000000000000000000000000000000000000000000000000000000010000
0000000000100000100000000000000000000000000000000000000000111111111111100000000000000001000000000011111000000000000000000000000001000000000000000000000000000000000000000000000000000000000000000000000000000000000000000000000000000000000000000000000000010000
0000000000111111100000000000000000000000000000000000000000000000010000000000000011111111000000011110000000000000000000001111111111000000000000000000000000000000000000000000000000000000000000000000000000000000000000000000000000000000000000000000000000010000
0000000011100000000000000000000000000000000000000000000000001111110000000000000010000000000111110000000000000000000000001000000000000000000000000000000000000000000000000000000000000000000000000000000000000000000000000000000000000000000000000000000000010000
0000000010000000000000000000000000000000000000000000000000011000000000000000000010000000111100000000000000000000000001111000000000000000000000000000000000000000000000000000000000000000000000000000000000000000000000000000000000000000000000000000000000010000
0000000010000000000000000000000000000000000000000001111111110000000000000000000010000111100000000000000000000000001111000000000000000000000000000000000000000000000000000000000000000000000000000000000000000000000000000000000000000000000000000000000000010000
0000000010000000000000000000000000000000000000000001000000000000000000000011111110111100000000000000000000000111111000000000000000000000000000000000000000000000000000000000000000000000000000000000000000000000000000000000000000000000000000000000000011110000
0000111110000000000000000000000000000000000000000001000000000000000000000110000011100000000000000000000000111100000000000000000000000000000000000000000000000000000000000000000000000000000000000000000000000000000000000000000000000000000000000000000010000000
0000100000000000000000000000000000000000000000000001000000000000000000111100011110000000000000000000000000100000000000000000000000000000000000000000000000000000000000000000000000000000000000000000000000000000000000000000000000000000000000000000011110000000
0000100000000000000000000000000000000000000000000001000000000000000111110011110000000000000000000000000000100000000000000000000000000000000000000000000000000000000000000000000000000000000000000000000000000000000000000000000000000000000000000111110000000000
0000100000000000000000000000000000000000000000111111000000000000000000011110000000000000000000000000000000100000000000000000000000000000000000000000000000000000000000000000000000000000000000000000000000000000000000000000000000000000000000000100000000000000
0000100000000000000000000000000000000000000000100000000000000000000000010000000000000000000000001111111111100000000000000000000000000000000000000000000000000000000000000000000000000000000000000000000000000000000000000000000000000000000000000100000000000000
0000100000000000000000000000000000000000000000100000111100000000000000000000000000000000000011111000000000000000000000000000000000000000000000000000000000000000000000000000000000000000000000000000000000000000000000000000000000000000000000000100000000000000
0000100000000000000000000000000000000000000000100000100110000000000000000000000000000000001110000000000000000000000000000000000000000000000000000000000000000000000000000000000000000000000000000000000000000000000000000000000000000000000000000100000000000000
0000100000000000000000000000000000000000000000100000100010000000000000000000000000000000011000000000000000000000000000000000000000000000000000000000000000000000000000000000000000000000000000000000000000000000000000000000000000000000000000000100000000000000
0000100000000000000000000000000000000000000000100000100011100000000000000000000000000001110000000000000000000000000000000000000000000000000000000000000000000000000000000000000000000000000000000000000000000000000000000000000000000000000000011110000000000000
0000100000000000000000000000000000000000000000111111100000100000000000000000000000000111000000000000000000000000000000000000000000000000000000000000000000000000000000000000000000000000000000000000000000000000000000000000000000000011111111110000000010000000
0000100000000000000000000000000000000000000000000000000000111111111111000000000000001100000000000000000000000000000000000000000000000000000000000000000000000000000000000000000000000000000000000000000000000000000000000000000000000010000000110000000000000000
0000100000000000000000000000000000000000000000000000011111111111000001000000000000011000000000000000000000000000000000000000000000000000000000000000000000000000000000000000000000000000000000000000000000000000000000011111111111000010000000000000000000000000
0000100000000000000000000000000000000000000000000000010000000000000001000000000000110000000000000000000000000000000000000000000000000000000000000000000000000000000000000000000000000000000000000000000000000000000000010000000001000010000000000000001000000000
0000100000000000000000000000000000000000000000000000010000000000000001000000000001100000000000000000000000000000000000000000000000000000000000000000000000000000000000000000000000000000000000000000000000000000000000010000000001000010000000000000001000000000
0000100000000000000000000000000000000000000000000000010000000000000000000000000001000000000000000000000000000000000000000000000000000000000000000000000000000000000000000000000000000000000000000000000001111111111000010000000001111110000000000000001000000000
0000100000000000000000000000000000000000000000000000010000000000000000000000000011000000000000000000000000000000000000000000000000000000000000000000000000000000000000000000000000000000000000011111111111000000001111110000000001000000000000000111111000000000
0000110000000000000000000000000000000000000000000000010000000000000000000000000110000000000000000000000000000000000000000000000000000000000000000000000000000000000000000000000000000000000011110000000000000000000000010000000000000000000000000001000000000000
0000010000000000000000000000000000000000000000000000010000000000000000000000001100000000000000000000000000000000000000000000000000000000000000000000000000000000000000000000000000000000000010000000000000000000000000010000000000000000000100000001000000000000
0000010000000000000000000000000000000000000000000000010000000000000000000000011000000000000000000000000000000000000000000000000000000000000000000000000000000000000000000000000000000000000010000000000000000000000000010000000000000000000000000001000000000000
0000010000000000000000000000000000000000000000000000011111000000000000000001110000000000000000000000000000000000000000000000000000000000000000000000000000000000000000000000000000000000000010000000000000000000000000000000000010000000000000000001000000000000
0000010000000000000000000000000000000000000000000000000001100000111111111111000000000000000000000000000000000000000000000000000000000000000000000000000000000000000000000000000000000000000110000000000000000000000000000000000010000000000000000001000000000000
0000010000000000000000000000000000000000000000000000000000111111100000000000000000000000000000000000000000000000000000000000000000000000000000000000000000000000000000000000000000000000000100000000000000000000000000000000000010000000000000000001111100000000
0000011111111100000000000000000000000000000000000000000000000000000000000000000000000000000000000000000000000000000000000000000000000000000000000000000000000000000000000000000000000111111100000000000000000000000000000000000010000000000000000001111100000000
0000000100000100000000000000000000000000000000000000000000000000000000000000000000000000000000000000000000000000000000000000000000000000000000000000000000000000000000001111111000000100000100000000000000000000000000000000000011111000000000000000000000000000
0000000100000100000000000000000000000000000000000000000000000000000000000000000000000000000000000000000000000000000000000000000000000000000000000000000000000000000000011000001110000100000100000000000000000000000000000000000010010000000000011110000000000000
0000000100000100000000000000000000000000000000000000000000000000000000000000000000000000000000000000000000000000000000000000000000000000000000000000000111111110000000110000000010000100000100000000000000000000000000000000000010010000000000000010000000000000
0000000000000100000000000000000000000000000000000000000000000000000000000000000000000000000000000000000000000000000000000000000000000000000000000000000100000010000000100000000010000100000000000000000000000000000000000000000011110000000000000000000000000000
0000000000000111011111110000000000000000000000000000000000000000000000000000000000000000000000000000000000000000000000000000000000000000000000000000000100000011111111100000000011111100000000000000000000000000000000000000000010000000000000000000000000000000
0000000000000001010000010000000000000000000000000000000000000000000000000000000000000000000000000000000000000000000000000000000000000000000000000000000100000011000000100000000000000010000000000000000000000000000000000000000010000000000000000000000000000000
0000000000000001010000010000000000000000000000000000000000000000000000000000000000000000000000000000000000000000000000000000000000000000000000000000011100000011000000000000000000000000000000000000000000000000000000000000000010000000000000000000000000000000
0000000000000001010000010000000000000000000000000000000000000000000000000000000000000000000000000000000000000000000000000000000000000000000000000000010000000011000000000000000000000000000000000000000000000000000000000000000010000001000000000000000000000000
0000000000000001010000010000000000000000000000000000000000000000000000000000000000000000000000000000000000000000000000000000000000000000000000000000010000011110000000000000000000000000000000000000000000000000000000000000011110000000000000000000000000000000
0000110000000001010000010000000000000000000000000000000000000000000000000000000000000000000000000000000000000000000000000000000000000000000000000000010000010010000000000000000000000000010000000000000000000000000000000000010011000000000000100000000000000000
0000000000000001010000010000000000000000000000000000000000000000000000000000000000000000000000000000000000000000000000000000000000000000000000000000010000010010000000000000000000000000000000000000000000000000000000000011111111000000000000000000000000000000
0000000000000011110000011100000000000000000000000000000000000000000000000000000000000000000000000000000000000000000000000000000000000000000000011111110000011010000000000000000000000000000000000000000000000000000000000011100000000000000000000000000000000000
0000000000000000111000000100000000000000000000000000000000000000000000000000000000000000000000000000000000000000000000000000000000111111111111110000001000001010000000100000000000000000000000000000000000000000000000000000100000000000000000000000000001000000
0000000000000000101000000100000000000000000000000000000000000000000000000000000000000000000000000000000000000000000000000111111111100000000000110000000000001010000000000000000000000000000000000100000000000000000000000000100000000001100000000000000001000000
0000000000000000101000000100000000000000000000000000000000000000000000000000000000000000000000000000000000000000000000000100000000100000000000000000000000001010000000000010000000000001000000000000000010000000000000000000000000000001000000001000000011000000
0000000000000000101000000100000000000000000000000000000000000000000000000000000000000000000000000000001111111110000000000100000000000000000000000000000000001111100000000000000000000000000000000000000000000000000000000000000000000001000000000000000000010000
0000000000000000101000000111111110000000000000000000000000000000000000000000000000000000000000000001111000000010000000000100000000000000000000000000000000001000000000000000000000000000000000000000000000000000000000000000000000001111000000000000000000010000
0000000000000001101000000100000010000000000000000000000000000000000000000000000000000000000000011111000000000010000011111100000000000000000000000000000000000000000000000000000001100000001000000000100000000000000000000000011111111100000000000000000000010000
0000100000000001111000001100000010000000000000000000000000000000000000000000000000000000111111110000000000000010111110000000000000000000000000000000000010000000000000000000000000000000000000000000100000000000000000000000000000000000000000000000000000010000
0000000000000000000000001100000011111111111100000000000000000000000000000000000000000000100000000000000000000010100000000000000000000000000000000000000000000000000000000100000000000000000000000111100000000001111110000000000000000000000000000000000000010000
0000000010000000000000000100000000000000000100000000000011111111000000000000000111111110100000000000000000000011100000000000000000000000000000000000000000000000000000000000000000000000000000000000000000001000000000000000000000000000000000000000000000010000
0000000010000000000100000100000000000000000100000000000010000001000000000000000100000010100000000000000000000000100000000000000000000000000000000000000000000000000000000000000000000000000000000000000000000000000001100000000000000000000000000000000000010000
0000000001000000000000000000000000000000000100000000000010000001000000000000000100000011100000000000000000000000100000000000000000000000000000000000000000000000000000000000011000000100000000000000001000000000000000000000000000000000000000000000111111110000
0000000000000000000000000000000000000000000110000000000010000001000111111100000100000000000000000000000000000000100000000000000000000000000000000000000000000000000000000000000000000000000000000000000000000000000000000010000000000000000000000000001000010000
0000000000000000000000000000000000000000000011100000000010000001000100000100000100000000000000000000000000000000000000000000001000000000000000000000000000000000000000000000000000000000000000000000000000000000000000000000000000000000000000000000001000010000
0000000000000000000000000000001000000000000000100000000010000001000100000100000100000000000000000000000000000000000000000000000000000000000000000000000000000000000000000010000000000000000000000000000000000000000110000000001000000000000000000000001011110000
0000000000000000000000000000001111000000000000100000000010000001111100000100000111111000000100000000000000000000000000000000000000000000100000000000000000000000000000000000000000000000000000000000000000000000000110000000000000000000000000000000001010000000
0000000000000000000000000111110000000000000000100000000011111111000000000100000001000000000000000000000000000000000000000000000000000000000000000000000000010000000000000000000000001000000000000010000000000000000110000000000000000000000000001000001110000000
0000000000000001111110000001110000000000000000100000000000000001000000000100000001000000000000000000000000000000000100000000000000000000000000000000000000000001000000000000000000000000000000000000000001000000000110000000000000010000000000000000000000000000
0000000000000001110000000001100000000000000000100000000000000111000000011111111111000000000000000000000000000000000000000000000000000000000000000000000000000000000000000000000000000000000000000000000000000000000000000000000000000001000000000000000000000000
0000000000000000010000000001100000000110000000101111111011111100000000010010000011000000000000000000000000000000000000000000000000000000000000000000000000000000100000000000000000000000010000000000000000000000000001000000000000000001000001000000000000000000
0000000010000000010000000001100000000000011111101000001010000000000000011110000001000000000000000000000000000000000000000000000000000000000000000000000000000000100000000000000000000000010000000000000000000000000001000000000000000001000000000000000000000000
0000000010000000010000000001100000000000000001111000001110000000000000000010000001111000000000000000000000000000000000000000000000000000000000000000000000000000100000000000000000110000010000000001000000000000000001000000000000000001000000000000000000000000
0000000000000000010000011111100000000000000000001000001100000000000010000010000001111100000000000000000000000000000000000000000000000001000000001111111111100000100000000000000000000000010000000000000000000000000001000000000000000001000000000000010000000000
0000000000000000000000011111100000000000000000000000001100000000000000000010000001100000000000000000000000000000000000000000000000000001000000000010000000000011111110000000111100000111111110000000000000000000000001111111111100000111000000000100000000000000
0000100000000000000000010000011110000000000000000000001100000000000100000000000001100000100000000000000000000000000000000000000000000001000000000010000000000000000010000000000000000100000010000000000000010000000111011111111000000001000000000100000000000000
0000100000000000000000010000010010000000000000000000001100000000000100000000001111100000000000000000000000000000000000000000000000000001000000000010000000000000000010000000000000000100000010000000000000011000000100010000001000000001111000000100000000000000
0000100000100000000000010000010010000000000000000000001100000011111100000000001000100000000000000000000000000000000000000000000000000001000000000010000000000000000010000001000000000100000010000000000000011000000111110000001000000001000001111100000000000000
0000100000100000000000010000010010000000000000000000001110000010000100000000001111100000000000000000000000000000000000000000000000000000000000000000000000000000000010000000000001111100000011000000000000011000000110000000001000000001000000000100000000000000
0000111111111110000000010000010010000000000000000000001011111110000111000000000000000000000000000000000000000000000000000000010000000000000111111000000000000000000011111000000000000100000010000000000001111000000110000000001000000001000000000000000000000000
0000111111000000000000000000010010000010000000000000111100000000000001000001100000000000000000000000000000000000001000000000010000000000000000001000000000000000110000011000000000000100000010000000000001001111111110000000001111110000000000000000000000000000
0000000000000000001000000000011110000010000000011100000100000000000001000001100000000000000000000000000000000000000000000001111111000000000000001000000000000000000000000000000000000100011110000000000001001000000010000011111000010000000000000011110000000000
0000000000000000000000000000000010000000000000000100000111000000000001111110000000000000000000000000000000000000000000000000000001000000000000001000000011111111000000000000000000000100010000000000011111001000000000000011111100010000000000000010010000000000
0000000000000000000000000100000010000001000000000100000001000000000000000010000000000000000000000000000000001000000000000000000001000000000000001000000010000001000000000000000000000100010000000000000001001000000000000000000100010000000000000011110000000000
0000000000000000000000000000000010000001111100000100000001000000000000000110000000010000000100000000000000001100000000110000000001111110000000001000000010000001000000000000000000000100010000000000000001111000000000000000000100010000000000000000001000000000
0000000000000000000000000000000010000001000100000100000001000000000000000100000000010000000100000010000000000000000000110000000001111110000011111110000010000001000000000100000001111111110000000000000001000000000001111100000100011110000000000000001100000000
0000100000000000000000000000000010000001000100000100000001000000000000000100000000011000000100000010000000000000000000000000000000000010000011111110000010000001000000000100000001001000000000000011000001000000000001000100000100000011111111110000000000000000
0000000000000000000000001000001110000001000100000100000001000000000011111100000000011000000111111110000000000000000000000000000000000010000000000111111110000001111000000000000001001000000000000011000001000000000001011100000100000000001000000000000000000000
0000000000000000000000110000001011111111000100000111000001000000011110000000000000111000000100000010000000000000001000000111000000000010000000000111110000011111111100000000000001001000000000000000000001000000000001010000011100000000001000000000000000000000
0000000000000010000000010000001111111111000111111101000001111000010000000000000000101111111100000010000000100000000000000101000000000011110000000000010000010000010100000000001111111000000000011100000001000000000001010000000100000000001000000010000000000000
0000000000000010000000010000001000000001000000000011100000001110010000000000000000111111110000011110000000100000000000000101000000000010010000000000011111110000010110000000000010000000000000000100000001000000000111010000000100000000001000000000000000110000
0000000000000011110000010000001000000001000000000010000000000010010000000000000001000000010000010000000000100000000000000101111111111110010000000000011000000000010100000000000010000000000000000100000001000000000100010000000100000000001000000000000011110000
0000000000000010000000000000001000000001111000000010000000000011010000000000000000000000010000010000000000100000000011111100000000000000010000000000010000000000010100000000000010000000000000000000000001000001111100010000000100000000001000000000011110010000
0000000100000010000000000000001000000000001000000010000000000001110000000000011000000000011111110000000000100000000000010000000000000000010000000000010000000000010100000000000010000000000000000000000001111111111110011100000100000000001000000000011111110000
0000000000000010000000000000001000000000001110000010000000000001000000000000011000000000010000010000000000100000000000010000000000000000010000000000000000001111111100000000000010000000000000000000000000000010000011110100000111000000001100000000011000000000
0000000001111110000000000000001000000000000011111110000000000001000000000000011000000000010000000000000011100000000000010000000000000000011111100000000000001000001100000000000011110000000000000000001110000000000000010100000001111111000110000000011000000000
0000000001111110000000000000001110000000000010000000111100000001000000000000011000000000000000001000000010100000000000010000000000000000000000111100000000001000001111000000000011110000010000000000001110000000000000011111000001000001111110000011111000000000
0000000001100000001000000000001000000000000010000000001110000001000000000000011100000000000000001000000010111000000000010011111110000000000000000100000100000000000001000000000000000000001000000000000000000000000000010000000000000000000010000010001000000000
0000000001100000001000001000001000000000000010000000001000000001000000000011110110000000000000001111111110011100000001110010000010000000000000000100000000000000000001000000000000000000001000000001000000000000000000010000000000000000000010000010001000000000
0000000001100000000000000111111000000000000010000000001000000001000000000001000011110000000000001010000010010000000001000010000010000000000000000111111000000000000001000000000000000000000000000000000000000001000000010000000000000000000010000010001111100000
0000000001100000000000000100001000000000001110000000001000000001000000000001111111110000000000001010000010010000000001000010000010000000000000000000011000000000000001111100000000000000000011111110000000111111111111110000000000000000000001111110000000110000
0000011111100000000000000111101000000000000000000000000000000000000000000000000000001111111111111010000010010000000001000010000010000000000000011111110000000000000001000100000000000000000010000010000000100000100000110000000100000000000000010000000000010000
0000000101111111110000000000101110000000000000100000000000000000000000000000000000001000000111111110000010010000000001000010000010000000011111110000000000000010000001000111111100000000000010000010000001111000100000110000000100000011000000010000011111110000
0000000101000001000000000000100010000000000000000000000010000000000000000000000000001000000100000110000010010000001111000111111110000000010000000000000000011110000001000000000111111100000010000010000000001111100000111111111111111111000000011111110000000000
0000000101000001000000000000111111100000000000000000000010000000000000000000000000001000000100000011111110010000001000000100000100000000010000000000000000000000000001000000000000000100000010000010000000000000100000111110000100000011000000000100000000000000
0000000101000000000000000000100000000000000000001000000010000000000000000000000000001000000100000010000000010000001000000100000111111110010000000000000000000001111111000000000000000111111111111111110000000000000000000010000100000011000000000100000000000000
0000000111000000000000000000100000000000000000001000000011111111000000001000000000011111111100000010000011110000001000000100000100000010010000000000000000000001000000000000000000000000000001000000110000000000000000000010000100000011110000000100000000000000
0000000011000000000000100000000000000000000000001000000110000001111111111100000000010100000100000010000010000000001000000100000100000010010000000000010000000001000000000000000000000000000001000000110000000000000000000010000100000010010000000100000000000000
0000000011110000000000000000000000000000000000111000000111000000000000000100000000010100000000000010000010000000001000000100000100000011110000001111110000000001000000111111110000000000000001000000111111000000000000000010000100000010010000000100000000000000
0000000001000000010000000000000000000000000000101000000001000000000000000111110000011100000011111110000010000000001000000111111100000000000111111000011100000001000000100000010000000000000001000000100001000000000000000010000110000010011111111111110000000000
0000000001000000000000000000000000011000000000101000000001000000111111110000010000010000000011100011111110000000001000000000000100000000000111100000000100000001000000100000010000000000000001000000100001111111000001111110000011111110000000000000010000000000
0000000001000000000000000000000000000000000111101000000001111000100000010000010000000000000000111110000000000000001000000000000111110000000000110000000100000011000000100000010000000000000001111111100000000001111111000000000000000000000000000000011111000000
0000000001000000000000001000000000000000000100001000000000001000100000010000010000000000000000110000000000000000001000000000000000010000000000010000000100000010000000100000010111111100000000000000000000000000000000000000000000000000000000000000000001000000
0000000001000000001100000000000100000000000100001000000000001111100000010000010000000000000000110000000000000111111111110000000000010000000000010000000100000010000000100000010100000100000000000000000000000000000000000000011111111111111000000000000001000000
0000111111100000001100000000110000000000000100001100000000000000000000010000010000000000000000110000000000000000110000011111111111111111100000010000000111111110000000111111110100000100000000000000000000000000000000000000010000011000001000000000000001000000
0000010001000000001100000000000000000000011111111110000000000000000000010000010000000000000000110000000000000000010000010000001100000111000000010000011111111011111110000000000100000100000111111110000000000000000000000000010000011000001000000000000001000000
0000010001000000001100000000000000000000011110000011000000000000000000010000011111000000000001110000000000000000000000010000001100000011000000010000010000001010000010000000000100000100000100000011110000000000000000000000010000011000001000000000000001000000
0000010001000000001100000000000000000001110000000000001000000000000000010000000001111111111111010000000000000000000000000000001100000011000001110000010000001010000010000000000100000100000100000000011000000000000000000000010000011000001000000000000001000000
0000011111000000001111000000000000000000010000000000000000000000000000010000000000000000000000010000000100000000000000000000001100000001000001000000010000001010000010000000000111111100000100000000001111111100000000000000010000011000001000000000000001110000
0000000000000000000000000000000100000000010000000000000000000000000000010000000000000000000011111100000111100000000000000000001100000001000001000000010000001010000010000000000000000000000100000000001000000100000000000000011111111111111000000000000000010000
0000000000000000000000000000000000000000010000000000000000000000000011110000000000000000000110000011111110000000000000000011100000000001000001000000010000001010000010000000000000000000000100000000001000000110000000000000000000000000000000000000000000010000
0000000000000000000000000000000010000000010000000000000000000000000000011100001111111111111100000001000110000000000000000000100000000001111111111110010000001011111110111111110000000000000111110000001000000010000000000000000000000000000000000000000000010000
0000000000000000000000000000000000000000000001000000000000000000000000000100001000001100000100000001100100000001000000000000100000000001000010000010011111111000000000100000010000000000000000011000001000000010000000000000000000000000000000000000001111110000
0000000000010000000000000000000000000000000000000000000000000000000000000100011000001100000100000000100100000000000111100000100000111111000010000010000111111111100000100000010000000000000000001111111000000010000000000000000000000000000000000111111000000000
0000000000000011000000000000000001000000000000000000000000000000000000000111010000001100000100000000100100000000000011100000000000111100000010000010000100000000100000100000010000000000000000000000001000000011111111000000000000000000011111111100000000000000
0000000000000000000000000000000000000000000000000000000000011111100000000001010000001100000100000000100100000000000000000000000000000111111110000010000100000000100000100000010000000001111111110000001000000011000001000000000000000000010000001100000000000000
0000111100000000000000100000000000100000000000000000000000000001100000000001010000001100000100000000100100000000000000001000000000000100000000000010000100000000100000100000010000000011000000011100001111111111000001000000000000000000010000001100000000000000
0000111100000000000000000010000000000000000000010000010000000001100000000001110000001111111111000000100111111100000000001000000000000100000000000010000100000000100000111111110000000010000000000100000000000001000001000000000000000000010000001100000000000000
0000100000000000000000000010000000000000000001000001110000000001111000000000010000001000001111000000111111111100000000001000000000000100000000000111111100000000111111111111111111111110000000000111111111111111000001111111111111111111110000001100000110000000
0000000000000000000000000000000000000000000000000000000000000000000000000000000000000000000000000000000000000000000000000000000000000000000000000000000000000000000000000000000000000000000000000000000000000000000000000000000000000000000000000000000000000000
0000000000000000000000000000000000000000000000000000000000000000000000000000000000000000000000000000000000000000000000000000000000000000000000000000000000000000000000000000000000000000000000000000000000000000000000000000000000000000000000000000000000000000
0000000000000000000000000000000000000000000000000000000000000000000000000000000000000000000000000000000000000000000000000000000000000000000000000000000000000000000000000000000000000000000000000000000000000000000000000000000000000000000000000000000000000000
0000000000000000000000000000000000000000000000000000000000000000000000000000000000000000000000000000000000000000000000000000000000000000000000000000000000000000000000000000000000000000000000000000000000000000000000000000000000000000000000000000000000000000
